947883972
3315641585
383523966
454081413
853916165
2548142875
1148198102
2398560537
1612655565
188086137
406326851
469328766
2182365775
1203902233
139997844
1992066666
7767230
1350455987
156084242
574469703
312398151
19520571
337166216
553289721
229789055
577852564
1872979525
187300836
36537682
773513911
53794591
2262079420
164733971
1033401103
272257042
2780427446
1767415364
38613593
752976997
317571833
1138354648
870277086
598784800
402695353
719843600
2739280451
28162729
746226741
2285050464
1099689984
1048532539
3551223658
202476958
734413384
1027202866
894937537
1277205628
1064466914
2563655895
583341798
745532418
2339741170
976790916
3191773451
1819848168
2997816241
1280275778
1021884722
876701046
316552972
2049695565
1625961294
911644122
362590896
2326038680
885586086
1373884703
458015305
2807430737
630185429
932196440
994635348
2639465292
1764258630
644108734
705650401
860676420
877057757
54572580
3450300087
3441163254
497032565
33278033
289020711
541232573
373573588
1670219228
3367188313
2696790659
198880954
1809060640
391630702
1648386606
771416877
794505668
863895956
871831532
659215108
3437944559
723647928
58146956
1732838574
1023831265
1103866618
1055491973
2978593438
1374038687
635737911
1531648170
2015650458
1020206284
66900297
1246748872
927540631
771205179
1049512846
763521535
709653655
413427573
898194564
318555228
767215980
67892187
646530311
619982626
772139006
514229907
909129232
87503829
352656002
1769136188
2329012759
3053552984
2523343090
2798553169
462800101
2243935445
1353431770
1841557810
364192330
3205897810
766377432
1547583608
1981695023
2060330646
2316199708
185217265
499154697
1120505898
34511587
139435201
474931723
1690650315
22549760
1750237756
710424136
563009859
853458136
1830299213
1134411320
401931734
826367796
386613750
2591508474
2058732295
673308707
935653699
4099366
2479625937
3220726814
1195652079
1596971484
3522569985
6555629
947529012
473615790
970751427
1061078403
544574367
554174025
770313319
1287739511
977467471
344253899
349935420
843275693
1647116315
2846449642
1316003064
2701766370
756898242
422597662
852831528
965096781
909307537
1284062339
1605508812
1347446450
3111421639
121122672
34418520
2541547989
1850485055
14054164
2528939359
1032560574
1174850268
951986590
1602449165
1439803746
2683899811
30212129
2064269213
125823978
2716004397
783177043
3028955157
898819
373073591
2260745245
1074429229
1503876853
1980479592
1120064281
1459947381
3352462262
210762112
409712076
1049590783
2484422529
415474287
2845668235
3287024705
1294165110
2013583769
715163756
306820879
846116431
3122794755
1159616275
1114607968
188001893
994967966
420118701
477714
523231250
254135504
1434164842
977729946
2954648153
229035923
1099095849
1463669970
2116078004
2577797640
631733159
177330578
1792337533
1843568714
846198613
377628555
812941809
86086925
2424770565
1547312832
1148196222
2823425352
480338028
1040750311
25186981
277485073
2511894189
2163019448
97798050
755908638
2531637078
2624168159
2949516739
1401401023
1410681914
3265959086
405647483
2021524807
740366865
491045789
303468412
792301088
1966400212
824721745
478250780
77098508
2324276051
2041488320
244622827
1966923184
2781589492
240346005
2941133212
2133381836
710862757
122597076
120319083
2967666146
383401581
1760778406
1071213049
1421659925
1257738553
952400201
575813736
790443897
3087872445
1012563527
1169473174
1072875157
1455232924
1587063480
1990304291
554755508
1433527415
2941370934
2746711044
2510261087
506044453
480690395
776775174
994497386
6579304
2705202579
2237671776
65517177
1909784508
510213890
459920068
774905760
2248829869
1014757360
2715734279
1075968441
2286617037
1969536058
1196241265
3243379272
258888474
307305072
759818438
852301528
1090356836
731306747
2842045848
827990843
1241125167
1877172581
103873612
2829015815
267351250
534078797
785785536
488850497
2948939774
1281722451
3521728316
1749950487
1074377166
1020371117
1834623851
2428115007
2496590436
458301737
21744471
2510989138
2587122896
540800115
1225152007
1263060851
1415164955
718235102
1355848166
329186949
425869311
1101961603
694271932
847987030
414576528
2383943801
1789234415
1803048325
2932255824
812346843
335981527
2641345055
2859399330
1511524873
3427114227
1816507757
2921592529
1813044177
447373426
956679405
1754394652
2542366638
1352114186
3453759627
1040874188
1129927515
79496362
58729010
946610
377334615
2556269168
234839829
974428809
625362519
3220106550
2516578549
522855693
723835946
378916052
330047692
605581904
490034081
84765020
2237496076
1037178043
2649810767
344135421
1479573288
3548133386
441412907
582335925
411969569
67561369
2334911369
363959775
24216861
364543558
1952559985
2822651295
2781192967
2442006614
1402553713
759988174
24408552
582608372
378121701
544169952
846025126
671844788
6761994
934071331
564581707
245023819
75633527
1764176445
1138319530
1114056168
663650262
1181337483
1736725184
1520665189
3502675580
3408146219
279364426
744671299
1289705550
1352325495
2433174228
1608092746
934240818
105177302
1687866156
357177721
1956674196
1295984087
492924708
3311682906
466501780
240177121
78577357
2538706415
2975992711
2567954169
1059367040
1215747651
977540815
3567587596
1655896592
1258044005
2142000156
1935780817
455340933
2576395509
1601057631
3201998320
359984927
2131696620
150619845
1564938894
841284447
1065600954
3536804370
403352855
752141618
3032439055
1757677918
2802402516
783834171
839910312
16177024
2761383257
1074704353
653597741
2330465677
1707539055
2225469594
68332616
852755911
2710046857
155257865
378976806
121595099
1418484343
80502428
2286866080
3345362626
28797908
1042187692
649756669
498621566
1483242599
1398388206
3616398884
5662265
313170146
3080702280
2731487465
9545080
3280162143
2693320742
1435916957
280068881
837971990
1797156425
1521337009
979541065
236673255
630665729
2879910844
2323324694
3258096813
2739776176
751180789
844552471
2514480448
864968864
1165184821
398343787
455932881
913928685
2432099766
3346829127
1141275858
2918818494
3124970044
1257535676
815742935
1767551704
2379267948
840993646
1033782971
2386364938
753381161
228226465
1423057994
1711930167
1163284700
438419850
510569340
1357640040
772539564
770617429
79912577
2063236374
45612549
200764464
395403109
812982628
446263103
1501320083
2225141650
859791821
1329808139
413289555
2239433593
1058641557
3042897442
3512104686
1741868699
1730656168
2127847918
315179571
3382191467
742596304
1559122320
1348446499
1319961165
1908698337
2820544300
2369998399
912931134
1057860243
80250313
1598617946
3326786011
3131895368
605919116
670741841
2785015696
3311749626
994793115
921996438
707119697
56521752
389886614
1135905243
843575250
1318005773
3144131411
2942321901
1792505245
821740088
441408380
316818276
755858694
565687100
2835464293
185933153
939637548
1049434842
1978723142
397937276
1191488119
362448175
1113217826
2708816972
503326090
250255357
1125076828
710044021
741504978
937871332
1933409823
869149073
1047508017
1437990946
3331543761
329039710
204994612
2919773842
253175310
1305946642
2313171671
1396554218
407984424
804519990
1260127361
272333016
891629226
511869261
592659064
1104192886
550940571
2822258321
3020939642
240047567
772660969
320735863
1198730685
505029277
3126832786
1119244829
3048972307
1640059733
170594735
1258810386
280500356
1492625833
510550338
296713461
1846814479
925179358
2292225260
1741720119
522914022
497598032
2990446824
852268549
862834423
847515307
727021212
212404708
952954923
1425357177
43093623
1924424295
106255500
2591370123
884597163
763498447
627442473
1708085754
657566440
565290423
2472838830
741501263
1833042411
2337266991
1669908468
1263617916
303351054
1174744945
770971202
3503279907
625818412
976251580
630326820
1181476159
409099545
89927102
1142227948
909572026
2718953308
1775921592
962462195
166093251
1224381223
528583495
2014037738
83485156
839879219
64257786
1322245034
1454332929
157795473
2067703193
908759470
137007709
1443788795
404777232
1027632259
274926094
12442838
1850759693
88528783
714612505
2514347476
694504051
813294979
597794294
781129750
3086632235
757666003
353624265
1648744303
736506894
729540198
2034038633
863399285
2505209741
199992063
469658445
839751484
321666052
616828256
1401263186
2738810394
14996542
513639439
2314200615
594178761
1425947452
1178925525
1524383614
2274015738
80608964
627897024
2457652141
138553533
2910916013
354658093
309631765
122442117
1468491341
675407470
1156340274
1530790408
3455433751
1531408751
916685665
2077509010
173113856
1244321319
824139773
1507386924
412959544
68478578
534286695
535422197
1095098747
23529478
920078012
654653447
719170085
3573325254
1051353185
956191975
617918875
2860004996
1443180390
3049998410
1873107406
758451534
1046800645
1354672878
942304894
133845666
625801441
1091740210
283672464
743326593
695644903
490487894
2772756182
1245180012
460840558
342193856
773907912
1370605837
372484170
1839986470
2232753088
2200906733
707750920
3490874211
7321528
307169580
964361832
983758974
460687344
1124990174
2131281889
490962566
3393043763
156756692
397910155
544040903
2167025937
3228635735
1783476300
3094490191
1124105522
1012387995
1217550686
910598087
2366329251
847238699
1424089704
53049930
1192525696
3149769944
920492627
1016140124
1090324762
758630140
2190745432
965896736
25669641
3330927348
1572991768
834563210
2844182239
2675153137
979371219
1104560175
903699953
1096281840
3452016823
377972672
443904948
721924577
669946901
2192200966
657287122
1483282637
997191095
201681970
542078724
1228164761
317140134
601134453
30569791
1138976165
278037083
997301525
501574720
529615538
10987389
419004535
2478842062
406575673
41624527
932452131
1114721568
3142739233
1374020213
766640148
1041803083
594017220
1935836331
961020830
331387305
2437915170
864338624
342387114
1173174973
2465198409
124342312
465205773
1311189203
1277697117
745416816
17466473
1987357238
3364243467
1207532329
535402177
975899938
545006414
2503761870
2481913390
879880350
170766803
928010591
649529730
851595537
1729227610
1310179897
3224968594
466392195
382551458
1315949359
1010043184
451435787
54738779
1521335336
1520023779
2402586987
925776537
3547359833
321297385
1749292860
1335737197
854586326
3148965708
948305095
892652316
463073004
83088675
1055538241
490165097
862009716
645041336
289236792
2730620038
1335425381
154716701
95192419
2205679897
1934834155
287962149
1120094317
2571079606
2712145281
2604775878
568820080
1159952519
2980704218
810158
472517496
51338288
2032331225
1154439347
2451655271
990631337
949559691
478222591
1721925766
56965542
1164061516
2369622131
315947190
663664523
3428429355
2223022110
948767562
120220714
65183899
493096157
1328149877
254053807
7184476
1287524042
910304735
1196972496
3300195581
124872318
2229843965
1255039396
1710966256
568915332
1716190345
1130338403
2929564411
309472615
1913497842
798161987
1532861943
1771499824
467495135
921670736
1159099872
1731908913
2410662667
1692813994
1039968278
497641484
251075525
1015343900
442043158
2237643767
2758500393
123551117
2650034004
785939596
768864305
852997028
1220953038
3622980863
464332568
783585455
3299789641
80754290
2220455438
1395951009
5151153
1843741820
3142387910
544950886
1211088490
1760011590
375294802
2981940459
674121758
2870925029
452575968
9133290
408746196
859539509
286029516
19647246
78416509
270482281
806610588
772081253
869657184
1327466809
1564780690
810181760
2643923668
3043917437
6620061
454091836
1017562041
289732908
937059522
850752873
272458753
1620126481
1689703847
149390488
249157151
3196921093
986064948
471776969
326437625
583981786
3180192951
3101559092
2416423519
690076050
2968798844
2759253970
3321531416
84205286
444837891
1290826336
1559548597
3160078176
254474039
1097292789
2462308906
511724027
813390578
1730543867
1798800400
752981898
943551647
309364607
25820310
3077189401
570375832
875384732
2305707173
147599044
1486452000
3120854071
2658273998
136464582
1323667468
11346529
1364100309
942753397
376505913
1275869609
1029040781
718071872
2873387169
2436889523
1002932169
1029636535
2938032836
531958586
12521729
3249592760
1360344736
1263576404
290877341
1304803908
3542216287
1444093818
644827762
781681033
2553177980
316035064
2352272680
1621807789
1254062270
554500528
490318997
1430408464
273822252
2291313645
2029988347
396051947
2690003578
3232389136
819058987
68451753
980697934
940474589
578819963
416209251
460308480
786465833
414165875
1183558838
245413750
2385498977
1522637803
1953167890
2209984752
375891772
17176097
3717359
345957927
276172727
2414056731
173142425
751384756
2249604324
15921601
1524707254
195035057
1028207846
1119258211
83868715
2361322451
3051547813
87888078
84542329
670682257
575907360
397467047
32308896
1870963454
1025338113
2984794780
214401112
2231007527
2818649018
1003805698
289447727
874493850
26525085
779123008
2357074560
330527085
61474082
285249699
239968930
708863508
747785534
1004212155
51376561
642742997
1041385046
1763072920
3237227708
1632091791
1554758071
2633913143
2905992977
479686096
1205340855
314536363
503449774
783315322
476969806
276383871
873327356
2606126148
978255151
454374637
3054049937
1103978096
2046425337
2226919744
2105813825
2329778688
358539285
190882109
65452215
196107802
1164194113
52474286
80427738
891698384
1094497717
1275507634
18555553
1766635912
956288106
1248629342
718678615
690347000
414021530
3382658164
930573468
3161572513
570221495
1602533152
2512990216
1261947638
1322175216
1044223053
425636092
260741463
961017753
2629792973
2240173913
465080574
345257225
2975172166
815757917
1514245278
429558455
469483844
2575430116
209265065
292660228
836785379
303437529
1004048657
1090265710
1530311860
317960676
313261956
1263812195
1982695622
544856208
452196761
505472210
276862000
1458326845
939281597
319734230
526927004
399975662
1225440981
476976659
1302232254
863630391
1070410560
3529926598
2222123948
168277205
172912394
972398830
1206152144
1173757440
895450899
420024242
228825984
2364495678
158408837
3376374895
3176001817
2253005288
1194199300
1215678649
1595236787
3108202253
1097900345
136787446
2889660528
937608628
2282979122
330530595
1154324209
3176740172
485152639
2706168449
1125031691
473076659
3568888666
2283300516
304698016
3363949156
1375127820
2960163597
56774859
1689498347
291274356
234446962
214289421
77581725
2798805390
553087224
910317698
2243111034
2073281726
895000819
1205170345
2336093685
1220776714
613916
3216698930
1523106457
1225070934
2387232734
1504515269
2601587981
1079383834
2759053414
787939153
1752403358
42746210
44774311
3281204723
2876585584
2085751319
452725657
351641456
1509165909
1114381700
2992644007
198846845
1203902202
959966491
1262178243
2182398680
849563693
2646111659
1945626983
582145792
2769125185
120410861
794042773
524994058
642424660
2934725028
1109768096
2811896685
1747929404
1326008084
850851913
741566261
2575670776
568990366
576887636
2035462796
1624527470
1273837433
623705671
2755594317
2035015141
122727114
2020534393
2687135393
1322806298
575899479
2014679706
2657886910
947883972
1136448660
1393884043
12368765
451768908
2578210201
1505943415
535489756
2858444687
3063253227
578064668
2905412495
758953549
97232689
757170381
1679217667
2637504572
2303615375
306907507
827016358
2177443705
2742204564
546118192
153676492
2145373076
812317444
75118181
424379082
1244525467
431408715
1162306085
2941026838
2428368675
3438038389
524720073
116591533
1969953091
542502818
1251434274
234084468
1246572449
739387342
2605028729
2154674097
2212081583
54721388
869605473
2684333518
80907305
1938711959
2766657951
3143866880
2624519580
3388017430
934260398
809912605
613221788
1501774977
466740076
931668112
2016970882
99687792
3229210771
1466535944
417914077
941253794
907021125
3363097527
948683750
642364053
595293426
1914148634
877095822
858900206
1243145689
425293210
1428134344
1404930635
632697775
488177358
875185304
7410309
147680992
355821371
2802125401
895260517
41459825
337475774
2303175805
243493417
342587600
517913756
1213076411
1527592486
164183435
10367536
1475240167
463110310
1065061895
3427941360
1710434162
2728599795
3251229688
334450563
1953963764
785757641
1943123480
1327022323
1876328159
2753153951
892178284
460252759
646200809
964565071
447489824
2399088896
874628609
927565613
1558253518
2839129291
3051084048
1285866463
1760376266
2460694023
3368715605
925566317
503254097
2827168034
182317903
839982857
2079960356
349896330
851172274
980866443
369945347
30020
10288179
120936069
762134737
